===0/30===
-4669.2
-5410.8
-5608.8
===1/30===
-4669.2
-4717.8
-4896.0
===2/30===
-3573.0
-4669.2
-4717.8
===3/30===
-3573.0
-3573.0
-4222.8
===4/30===
-3573.0
-3573.0
-3573.0
===5/30===
-3573.0
-3573.0
-3573.0
===6/30===
-2939.3999999999996
-3304.8
-3573.0
===7/30===
-2939.3999999999996
-3304.8
-3573.0
===8/30===
-2939.3999999999996
-3304.8
-3304.8
===9/30===
-2939.3999999999996
-2939.3999999999996
-3088.8
===10/30===
-2934.0
-2939.3999999999996
-2939.3999999999996
===11/30===
-2934.0
-2934.0
-2939.3999999999996
===12/30===
-2934.0
-2934.0
-2939.3999999999996
===13/30===
-2934.0
-2934.0
-2934.0
===14/30===
-2934.0
-2934.0
-2934.0
===15/30===
-2926.8
-2934.0
-2934.0
===16/30===
-2899.8
-2926.8
-2926.8
===17/30===
-2899.8
-2926.8
-2926.8
===18/30===
-2899.8
-2912.3999999999996
-2926.8
===19/30===
-2899.8
-2899.8
-2912.3999999999996
===20/30===
-2899.8
-2899.8
-2899.8
===21/30===
-2899.8
-2899.8
-2899.8
===22/30===
-2899.8
-2899.8
-2899.8
===23/30===
-2894.4
-2899.8
-2899.8
===24/30===
-2894.4
-2899.8
-2899.8
===25/30===
-2894.4
-2899.8
-2899.8
===26/30===
-2894.4
-2899.8
-2899.8
===27/30===
-2894.4
-2894.4
-2899.8
===28/30===
-2894.4
-2894.4
-2894.4
===29/30===
-2894.4
-2894.4
-2894.4
Evolution search time: 19.97585940361023