===0/50===
-625248.7111111111
-628454.4
-703929.4577777777
===1/50===
-625248.7111111111
-628454.4
-688988.1599999999
===2/50===
-625248.7111111111
-628454.4
-630861.6533333334
===3/50===
-614656.0
-625248.7111111111
-628454.4
===4/50===
-614656.0
-614656.0
-614656.0
===5/50===
-614656.0
-614656.0
-614656.0
===6/50===
-614656.0
-614656.0
-614656.0
===7/50===
-614656.0
-614656.0
-614656.0
===8/50===
-614656.0
-614656.0
-614656.0
===9/50===
-614656.0
-614656.0
-614656.0
===10/50===
-614656.0
-614656.0
-614656.0
===11/50===
-614656.0
-614656.0
-614656.0
===12/50===
-614656.0
-614656.0
-614656.0
===13/50===
-614656.0
-614656.0
-614656.0
===14/50===
-614656.0
-614656.0
-614656.0
===15/50===
-614656.0
-614656.0
-614656.0
===16/50===
-614656.0
-614656.0
-614656.0
===17/50===
-614656.0
-614656.0
-614656.0
===18/50===
-614656.0
-614656.0
-614656.0
===19/50===
-614656.0
-614656.0
-614656.0
===20/50===
-613401.6
-614656.0
-614656.0
===21/50===
-613401.6
-614656.0
-614656.0
===22/50===
-613401.6
-614656.0
-614656.0
===23/50===
-613401.6
-614656.0
-614656.0
===24/50===
-613401.6
-614656.0
-614656.0
===25/50===
-613401.6
-614656.0
-614656.0
===26/50===
-613401.6
-614656.0
-614656.0
===27/50===
-613401.6
-614656.0
-614656.0
===28/50===
-613401.6
-614656.0
-614656.0
===29/50===
-613401.6
-614656.0
-614656.0
===30/50===
-613401.6
-613401.6
-614656.0
===31/50===
-613401.6
-613401.6
-614656.0
===32/50===
-613401.6
-613401.6
-614656.0
===33/50===
-613401.6
-613401.6
-614656.0
===34/50===
-613401.6
-613401.6
-614656.0
===35/50===
-613401.6
-613401.6
-613401.6
===36/50===
-613401.6
-613401.6
-613401.6
===37/50===
-613401.6
-613401.6
-613401.6
===38/50===
-613401.6
-613401.6
-613401.6
===39/50===
-613401.6
-613401.6
-613401.6
===40/50===
-613401.6
-613401.6
-613401.6
===41/50===
-613401.6
-613401.6
-613401.6
===42/50===
-613401.6
-613401.6
-613401.6
===43/50===
-613401.6
-613401.6
-613401.6
===44/50===
-613401.6
-613401.6
-613401.6
===45/50===
-613401.6
-613401.6
-613401.6
===46/50===
-613401.6
-613401.6
-613401.6
===47/50===
-613401.6
-613401.6
-613401.6
===48/50===
-613401.6
-613401.6
-613401.6
===49/50===
-613401.6
-613401.6
-613401.6
Evolution search time: 2214.5099968910217